 57.30 53.93 48.48 34.34 53.24 53.16  3.38 82.09  8.61 22.70
 78.92 50.62 76.40 24.47 30.17 26.35  1.01 81.48  0.42 87.92
 33.58 22.81 98.63 13.08 82.05  7.36  8.59 34.85 46.55 19.41
 17.80 46.15 94.23 76.60 77.10 32.49 95.63 28.91 40.95 32.99
 79.08 55.85 92.65 91.31 59.08 88.09 28.72 60.44 60.21 90.07
 62.41 67.65 88.76 40.08  7.56 29.42  1.13 35.86 20.82 29.92
 80.18 35.27 12.93 40.50 58.35 14.01 87.77 69.54 20.19 85.31
 31.67 53.73 75.65 80.24 55.04 36.68 20.45 31.43 83.03 47.24
 90.10 37.78  3.05  5.99 69.98 13.54  2.83 72.57 45.67 40.75
 74.80  2.24 64.88 51.36 20.17 68.78 34.91 62.11 58.93 41.08
